/ROOT/Disk4 1,161,0,0,0,0,0,0,0,0,
/ROOT/Disk4/s0 1,161,21,0,0,0,0,0,0,0,
/ROOT/Disk1 1,167,0,0,0,0,0,0,0,0,
/ROOT/Disk1/s14 1,167,221,0,0,0,0,0,0,0,
/ROOT/Disk1/s14/s15 1,167,221,4,0,0,0,0,0,0,
/ROOT/Disk1/s14/s15/s16 1,167,221,4,1070,0,0,0,0,0,
/ROOT/Disk4/s2 1,161,25,0,0,0,0,0,0,0,
/ROOT/Disk4/s4 1,161,26,0,0,0,0,0,0,0,
/ROOT/Disk4/s0/s1 1,161,21,401,0,0,0,0,0,0,
/ROOT/Disk4/s0/s1/s2 1,161,21,401,4,0,0,0,0,0,
/ROOT/Disk1/s101 1,167,95,0,0,0,0,0,0,0,
/ROOT/Disk4/s2/s11 1,161,25,33,0,0,0,0,0,0,
/ROOT/Disk4/s2/s299 1,161,25,29,0,0,0,0,0,0,
/ROOT/Disk4/s2/s11/s12 1,161,25,33,1,0,0,0,0,0,
/ROOT/Disk4/s2/s3 1,161,25,19,0,0,0,0,0,0,
/ROOT/Disk4/s2/s3/s4 1,161,25,19,1,0,0,0,0,0,
/ROOT/Disk4/s4/s25/s26 1,161,26,36,1,0,0,0,0,0,
/ROOT/Disk4/s4/s25 1,161,26,36,0,0,0,0,0,0,
/ROOT/Disk4/s0/s15/s16 1,161,21,368,1,0,0,0,0,0,
/ROOT/Disk4/s0/s15 1,161,21,368,0,0,0,0,0,0,
/ROOT/Disk4/s2/s62 1,161,25,41,0,0,0,0,0,0,
/ROOT/Disk4/s2/s62/s63 1,161,25,41,1,0,0,0,0,0,
/ROOT/Disk4/s0/s13/s14 1,161,21,366,1,0,0,0,0,0,
/ROOT/Disk4/s0/s13 1,161,21,366,0,0,0,0,0,0,
/ROOT/Disk4/s0/s7/s8 1,161,21,409,1,0,0,0,0,0,
/ROOT/Disk4/s0/s7 1,161,21,409,0,0,0,0,0,0,
/ROOT/Disk4/s0/s2394 1,161,21,441,0,0,0,0,0,0,
/ROOT/Disk4/s0/s33/s34 1,161,21,396,1,0,0,0,0,0,
/ROOT/Disk4/s0/s33 1,161,21,396,0,0,0,0,0,0,
/ROOT/Disk1/s24 1,167,230,0,0,0,0,0,0,0,
/ROOT/Disk4/s2/s299/s300 1,161,25,29,1,0,0,0,0,0,
/ROOT/s402/s403 1,139,1,0,0,0,0,0,0,0,
/ROOT/s402 1,139,0,0,0,0,0,0,0,0,
/ROOT/Disk4/s0/s21/s22 1,161,21,381,1,0,0,0,0,0,
/ROOT/Disk1/s113 1,167,137,0,0,0,0,0,0,0,
/ROOT/Disk4/s4/s9 1,161,26,30,0,0,0,0,0,0,
/ROOT/Disk4/s0/s21 1,161,21,381,0,0,0,0,0,0,
/ROOT/Disk2 1,165,0,0,0,0,0,0,0,0,
/ROOT/Disk4/s0/s252/s253 1,161,21,193,1,0,0,0,0,0,
/ROOT/Disk4/s0/s252 1,161,21,193,0,0,0,0,0,0,
/ROOT/Disk4/s0/s25/s26 1,161,21,385,1,0,0,0,0,0,
/ROOT/Disk4/s0/s25 1,161,21,385,0,0,0,0,0,0,
/ROOT/Disk4/s2/s299/s1751 1,161,25,29,2,0,0,0,0,0,
/ROOT/Disk4/s4/s58 1,161,26,16,0,0,0,0,0,0,
/ROOT/Disk4/s4/s58/s59 1,161,26,16,1,0,0,0,0,0,
/ROOT/Disk4/s0/s65/s66 1,161,21,447,1,0,0,0,0,0,
/ROOT/Disk4/s0/s65 1,161,21,447,0,0,0,0,0,0,
/ROOT/Disk1/s101/s129 1,167,95,6,0,0,0,0,0,0,
/ROOT/Disk4/s0/s55/s56 1,161,21,433,1,0,0,0,0,0,
/ROOT/Disk4/s0/s55 1,161,21,433,0,0,0,0,0,0,
/ROOT/s1852 1,103,0,0,0,0,0,0,0,0,
/ROOT/s1852/s1853 1,103,1,0,0,0,0,0,0,0,
/ROOT/Disk4/s0/s210 1,161,21,56,0,0,0,0,0,0,
/ROOT/Disk4/s0/s210/s211 1,161,21,56,1,0,0,0,0,0,
/ROOT/Disk1/s64 1,167,58,0,0,0,0,0,0,0,
/ROOT/Disk4/s0/s1848 1,161,21,559,0,0,0,0,0,0,
/ROOT/Disk4/s0/s1848/s1849 1,161,21,559,1,0,0,0,0,0,
/ROOT/Disk4/s4/s148/s149 1,161,26,17,1,0,0,0,0,0,
/ROOT/Disk4/s4/s148 1,161,26,17,0,0,0,0,0,0,
/ROOT/Disk4/s4/s5 1,161,26,28,0,0,0,0,0,0,
/ROOT/Disk4/s4/s5/s6 1,161,26,28,1,0,0,0,0,0,
/ROOT/Disk4/s0/s218/s219 1,161,21,166,1,0,0,0,0,0,
/ROOT/Disk4/s0/s218 1,161,21,166,0,0,0,0,0,0,
/ROOT/Disk4/s0/s214 1,161,21,183,0,0,0,0,0,0,
/ROOT/Disk4/s0/s214/s215 1,161,21,183,1,0,0,0,0,0,
/ROOT/Disk4/s2/s54 1,161,25,34,0,0,0,0,0,0,
/ROOT/Disk4/s2/s54/s55 1,161,25,34,1,0,0,0,0,0,
/ROOT/Disk4/s2/s137 1,161,25,27,0,0,0,0,0,0,
/ROOT/Disk4/s2/s137/s138 1,161,25,27,1,0,0,0,0,0,
/ROOT/Disk4/s0/s305 1,161,21,9,0,0,0,0,0,0,
/ROOT/Disk4/s0/s305/s306 1,161,21,9,1,0,0,0,0,0,
/ROOT/Disk4/s0/s81/s82 1,161,21,467,1,0,0,0,0,0,
/ROOT/Disk4/s0/s81 1,161,21,467,0,0,0,0,0,0,
/ROOT/Disk4/s2/s11/s429 1,161,25,33,2,0,0,0,0,0,
/ROOT/Disk4/s2/s48 1,161,25,25,0,0,0,0,0,0,
/ROOT/Disk4/s2/s48/s49 1,161,25,25,1,0,0,0,0,0,
/ROOT/Disk1/s14/s202 1,167,221,2,0,0,0,0,0,0,
/ROOT/Disk4/s0/s41 1,161,21,412,0,0,0,0,0,0,
/ROOT/Disk4/s0/s41/s42 1,161,21,412,1,0,0,0,0,0,
/ROOT/Disk1/s7110 1,167,145,0,0,0,0,0,0,0,
/ROOT/Disk4/s2/s3357 1,161,25,16,0,0,0,0,0,0,
/ROOT/Disk1/s33 1,167,9,0,0,0,0,0,0,0,
/ROOT/Disk4/s0/s2394/s2395 1,161,21,441,2,0,0,0,0,0,
/ROOT/Disk4/s0/s32/s33 1,161,21,397,1,0,0,0,0,0,
/ROOT/Disk4/s0/s32 1,161,21,397,0,0,0,0,0,0,
/ROOT/Disk1/s77 1,167,82,0,0,0,0,0,0,0,
/ROOT/Disk4/s4/s29 1,161,26,41,0,0,0,0,0,0,
/ROOT/Disk4/s4/s29/s30 1,161,26,41,1,0,0,0,0,0,
/ROOT/Disk1/s43 1,167,30,0,0,0,0,0,0,0,
/ROOT/Disk4/s0/s8/s9 1,161,21,410,1,0,0,0,0,0,
/ROOT/Disk4/s0/s8 1,161,21,410,0,0,0,0,0,0,
/ROOT/Disk4/s0/s1016 1,161,21,263,0,0,0,0,0,0,
/ROOT/Disk1/s101/s102 1,167,95,11,0,0,0,0,0,0,
/ROOT/Disk4/s2/s392/s393 1,161,25,5,1,0,0,0,0,0,
/ROOT/Disk4/s2/s392 1,161,25,5,0,0,0,0,0,0,
/ROOT/Disk3 1,163,0,0,0,0,0,0,0,0,
/ROOT/Disk1/s64/s65 1,167,58,4,0,0,0,0,0,0,
/ROOT/Disk4/s4/s9/s10 1,161,26,30,2,0,0,0,0,0,
/ROOT/Disk1/s68 1,167,67,0,0,0,0,0,0,0,
/ROOT/Disk1/s113/s114 1,167,137,2,0,0,0,0,0,0,
/ROOT/Disk4/s0/s468 1,161,21,140,0,0,0,0,0,0,
/ROOT/Disk4/s0/s468/s469 1,161,21,140,1,0,0,0,0,0,
/ROOT/Disk4/s0/s511 1,161,21,600,0,0,0,0,0,0,
/ROOT/Disk4/s0/s511/s512 1,161,21,600,1,0,0,0,0,0,
/ROOT/Disk4/s4/s112/s113 1,161,26,5,1,0,0,0,0,0,
/ROOT/Disk4/s4/s112 1,161,26,5,0,0,0,0,0,0,
/ROOT/Disk4/s0/s19/s20 1,161,21,373,1,0,0,0,0,0,
/ROOT/Disk4/s0/s19 1,161,21,373,0,0,0,0,0,0,
/ROOT/Disk4/s0/s126 1,161,21,207,0,0,0,0,0,0,
/ROOT/Disk4/s0/s126/s127 1,161,21,207,1,0,0,0,0,0,
/ROOT/Disk4/s0/s27/s28 1,161,21,387,1,0,0,0,0,0,
/ROOT/Disk4/s0/s27 1,161,21,387,0,0,0,0,0,0,
/ROOT/Disk1/s24/s25 1,167,230,8,0,0,0,0,0,0,
/ROOT/Disk1/s14/s15/s41 1,167,221,4,1125,0,0,0,0,0,
/ROOT/Disk4/s4/s9/s6087 1,161,26,30,1,0,0,0,0,0,
/ROOT/s623 1,93,0,0,0,0,0,0,0,0,
/ROOT/s623/s624 1,93,1,0,0,0,0,0,0,0,
/ROOT/Disk4/s0/s136 1,161,21,278,0,0,0,0,0,0,
/ROOT/Disk4/s2/s2295 1,161,25,21,0,0,0,0,0,0,
/ROOT/s2298 1,46,0,0,0,0,0,0,0,0,
/ROOT/Disk4/s2/s2295/s2296 1,161,25,21,1,0,0,0,0,0,
/ROOT/Disk4/s0/s136/s137 1,161,21,278,1,0,0,0,0,0,
/ROOT/s2298/s2299 1,46,1,0,0,0,0,0,0,0,
/ROOT/Disk4/s0/s627 1,161,21,545,0,0,0,0,0,0,
/ROOT/Disk4/s0/s627/s628 1,161,21,545,1,0,0,0,0,0,
/ROOT/Disk1/s24/s702 1,167,230,5,0,0,0,0,0,0,
/ROOT/Disk4/s2/s92/s93 1,161,25,30,1,0,0,0,0,0,
/ROOT/Disk4/s4/s37/s38 1,161,26,14,1,0,0,0,0,0,
/ROOT/Disk4/s2/s92 1,161,25,30,0,0,0,0,0,0,
/ROOT/Disk4/s4/s37 1,161,26,14,0,0,0,0,0,0,
/ROOT/Disk4/s0/s170 1,161,21,290,0,0,0,0,0,0,
/ROOT/Disk1/s14/s15/s9834 1,167,221,4,1184,0,0,0,0,0,
/ROOT/Disk4/s0/s170/s171 1,161,21,290,1,0,0,0,0,0,
/ROOT/Disk4/s0/s88/s89 1,161,21,472,1,0,0,0,0,0,
/ROOT/Disk4/s0/s88 1,161,21,472,0,0,0,0,0,0,
/ROOT/s295/s296 1,54,1,0,0,0,0,0,0,0,
/ROOT/s295 1,54,0,0,0,0,0,0,0,0,
/ROOT/s593 1,89,0,0,0,0,0,0,0,0,
/ROOT/s593/s594 1,89,1,0,0,0,0,0,0,0,
/ROOT/Disk4/s0/s591 1,161,21,124,0,0,0,0,0,0,
/ROOT/Disk4/s0/s591/s592 1,161,21,124,1,0,0,0,0,0,
/ROOT/Disk4/s0/s46 1,161,21,414,0,0,0,0,0,0,
/ROOT/Disk4/s2/s36 1,161,25,14,0,0,0,0,0,0,
/ROOT/Disk4/s2/s36/s37 1,161,25,14,1,0,0,0,0,0,
/ROOT/Disk4/s4/s1255/s1256 1,161,26,25,1,0,0,0,0,0,
/ROOT/Disk4/s4/s1255 1,161,26,25,0,0,0,0,0,0,
/ROOT/Disk1/s33/s34 1,167,9,11,0,0,0,0,0,0,
/ROOT/Disk4/s0/s336 1,161,21,178,0,0,0,0,0,0,
/ROOT/Disk4/s0/s17 1,161,21,370,0,0,0,0,0,0,
/ROOT/Disk4/s0/s336/s337 1,161,21,178,1,0,0,0,0,0,